      Time timeStamp  senderId    seqNum   msgSize
     0.299     0.298         1        28        64
     0.305     0.304         1        30        64
     0.785     0.783         1        83        64
     2.240     2.238         1       220        64
     2.382     2.378         1       238        64
     2.521     2.520         1       255        64
     2.648     2.646         1       272        64
     5.258     5.257         1       528        64
     6.035     6.034         1       596        64
     6.290     6.289         1       629        64
     7.394     7.392         1       726        64
     7.493     7.492         1       733        64
     7.652     7.648         1       752        64
     8.132     8.131         1       813        64
     8.188     8.187         1       819        64
     9.282     9.281         1       920        64
     9.369     9.356         1       929        64
    10.776    10.774         1      1070        64
    13.590    13.589         1      1348        64
    15.559    15.558         1      1536        64
    15.962    15.958         1      1575        64
    16.064    16.063         1      1591        64
    16.067    16.066         1      1592        64
    16.589    16.588         1      1644        64
    17.852    17.850         1      1764        64
    17.953    17.952         1      1775        64
    18.550    18.548         1      1842        64
    19.338    19.337         1      1922        64
    19.993    19.991         1      2006        64
    21.282    21.281         1      2158        64
    21.468    21.464         1      2173        64
    21.591    21.590         1      2187        64
    22.469    22.467         1      2289        64
    24.402    24.400         1      2491        64
    26.466    26.465         1      2701        64
    26.581    26.573         1      2719        64
    28.777    28.776         1      2935        64
    29.560    29.559         1      3010        64
    30.084    30.083         1      3065        64
    32.506    32.503         1      3305        64
    32.572    32.571         1      3310        64
    35.214    35.213         1      3574        64
    36.381    36.380         1      3707        64
    36.574    36.573         1      3727        64
    37.111    37.110         1      3783        64
    37.454    37.453         1      3828        64
    38.061    38.060         1      3911        64
    38.348    38.347         1      3944        64
    38.589    38.588         1      3971        64
    38.674    38.673         1      3975        64
    39.293    39.291         1      4049        64
    40.438    40.436         1      4151        64
    41.720    41.719         1      4267        64
    41.857    41.856         1      4283        64
    43.703    43.702         1      4482        64
    44.510    44.509         1      4559        64
    44.704    44.700         1      4585        64
    48.471    48.467         1      4980        64
    48.954    48.950         1      5026        64
    49.162    49.161         1      5059        64
    54.325    54.319         1      5569        64
    54.898    54.897         1      5627        64
    56.476    56.475         1      5770        64
    56.518    56.517         1      5779        64
    58.795    58.793         1      6005        64
    58.810    58.809         1      6008        64
    61.507    61.506         1      6268        64
    61.928    61.927         1      6305        64
    62.525    62.520         1      6362        64
    62.970    62.969         1      6403        64
    63.195    63.194         1      6428        64
    63.352    63.351         1      6442        64
    63.636    63.634         1      6472        64
    66.012    66.006         1      6692        64
    66.508    66.507         1      6748        64
    67.088    67.087         1      6802        64
    69.231    69.230         1      7001        64
    70.718    70.717         1      7150        64
    72.249    72.248         1      7302        64
    72.955    72.954         1      7378        64
    73.059    73.058         1      7391        64
    75.065    75.064         1      7606        64
    76.948    76.947         1      7817        64
    77.040    77.039         1      7826        64
    77.066    77.065         1      7828        64
    77.521    77.517         1      7878        64
    78.028    78.025         1      7933        64
    78.228    78.227         1      7954        64
    79.175    79.172         1      8048        64
    80.255    80.254         1      8152        64
    80.826    80.824         1      8210        64
    84.487    84.486         1      8583        64
    84.695    84.694         1      8598        64
    85.748    85.747         1      8707        64
    86.103    86.102         1      8737        64
    86.422    86.421         1      8769        64
    86.809    86.808         1      8810        64
    87.363    87.361         1      8871        64
    87.945    87.944         1      8920        64
    88.602    88.599         1      8989        64
    88.769    88.767         1      9008        64
    88.887    88.885         1      9017        64
    90.450    90.449         1      9197        64
    91.790    91.789         1      9326        64
    92.055    92.054         1      9354        64
    92.221    92.217         1      9368        64
    92.308    92.307         1      9376        64
    92.350    92.348         1      9379        64
    92.578    92.577         1      9404        64
    93.522    93.521         1      9508        64
    94.042    94.041         1      9554        64
    94.665    94.664         1      9612        64
    95.212    95.211         1      9689        64
    96.519    96.518         1      9804        64
    98.138    98.137         1      9954        64
    98.587    98.586         1      9996        64
    99.883    99.882         1     10127        64
    99.951    99.950         1     10135        64
   100.848   100.847         1     10252        64
   101.023   101.022         1     10271        64
   101.656   101.655         1     10334        64
   101.890   101.889         1     10356        64
   102.098   102.096         1     10381        64
   102.114   102.111         1     10384        64
   102.971   102.970         1     10473        64
   103.260   103.256         1     10500        64
   104.123   104.122         1     10586        64
   104.624   104.623         1     10636        64
   105.595   105.591         1     10725        64
   106.810   106.809         1     10844        64
   107.449   107.448         1     10916        64
   108.765   108.764         1     11032        64
   110.265   110.263         1     11181        64
   110.464   110.462         1     11203        64
   110.997   110.996         1     11253        64
   111.004   111.001         1     11255        64
   111.237   111.236         1     11278        64
   112.937   112.929         1     11440        64
   114.274   114.273         1     11575        64
   114.418   114.417         1     11594        64
   116.353   116.351         1     11795        64
   116.649   116.647         1     11824        64
   117.083   117.082         1     11872        64
   117.455   117.454         1     11898        64
   117.459   117.455         1     11899        64
   118.183   118.174         1     11976        64
   118.366   118.365         1     11993        64
   119.550   119.549         1     12094        64
   120.662   120.660         1     12180        64
   122.776   122.775         1     12377        64
   123.030   123.029         1     12408        64
   124.266   124.255         1     12544        64
   125.139   125.135         1     12626        64
   125.183   125.182         1     12633        64
   126.934   126.932         1     12800        64
   127.383   127.382         1     12846        64
   128.328   128.326         1     12943        64
   129.377   129.376         1     13054        64
   129.390   129.389         1     13055        64
   130.720   130.711         1     13199        64
   130.907   130.906         1     13217        64
   131.030   131.029         1     13229        64
   131.147   131.146         1     13236        64
   132.583   132.581         1     13396        64
   132.667   132.666         1     13406        64
   135.156   135.153         1     13658        64
   135.442   135.441         1     13686        64
   135.933   135.932         1     13733        64
   136.345   136.343         1     13782        64
   136.396   136.393         1     13788        64
   136.413   136.412         1     13790        64
   139.274   139.268         1     14074        64
   139.499   139.498         1     14094        64
   140.883   140.882         1     14210        64
   141.971   141.969         1     14303        64
   142.115   142.114         1     14319        64
   142.659   142.656         1     14367        64
   143.696   143.695         1     14474        64
   144.228   144.227         1     14535        64
   146.747   146.746         1     14804        64
   146.805   146.804         1     14814        64
   148.964   148.963         1     15043        64
   150.955   150.952         1     15230        64
   151.052   151.049         1     15241        64
   151.169   151.164         1     15257        64
   152.093   152.089         1     15352        64
   152.923   152.922         1     15423        64
   153.996   153.995         1     15519        64
   156.373   156.370         1     15764        64
   156.795   156.791         1     15812        64
   159.186   159.185         1     16032        64
   159.262   159.256         1     16038        64
   159.526   159.524         1     16059        64
   160.642   160.641         1     16178        64
   160.684   160.679         1     16184        64
   160.981   160.977         1     16215        64
   161.040   161.039         1     16221        64
   161.706   161.705         1     16285        64
   162.572   162.571         1     16370        64
   162.845   162.844         1     16392        64
   162.976   162.975         1     16403        64
   165.049   165.048         1     16617        64
   166.477   166.476         1     16741        64
   166.617   166.616         1     16754        64
   171.284   171.283         1     17174        64
   172.787   172.786         1     17326        64
   175.648   175.647         1     17618        64
   175.747   175.746         1     17637        64
   176.070   176.069         1     17665        64
   177.133   177.132         1     17783        64
   177.753   177.751         1     17845        64
   178.587   178.586         1     17922        64
   178.975   178.974         1     17961        64
   179.001   179.000         1     17966        64
   179.157   179.156         1     17979        64
   179.489   179.488         1     18008        64
   179.499   179.498         1     18009        64
   179.701   179.700         1     18040        64
   180.256   180.255         1     18088        64
   180.401   180.399         1     18100        64
   180.562   180.561         1     18114        64
   180.856   180.854         1     18149        64
   181.536   181.532         1     18217        64
   182.671   182.670         1     18342        64
   184.079   184.078         1     18475        64
   185.802   185.800         1     18632        64
   185.881   185.880         1     18645        64
   185.969   185.966         1     18661        64
   188.494   188.489         1     18923        64
   189.858   189.852         1     19073        64
   190.492   190.491         1     19128        64
   191.273   191.272         1     19216        64
   191.410   191.409         1     19229        64
   191.577   191.576         1     19239        64
   192.765   192.758         1     19378        64
   193.796   193.795         1     19476        64
   196.608   196.606         1     19782        64
   197.652   197.649         1     19890        64
   198.234   198.233         1     19952        64
   201.257   201.256         1     20279        64
   202.071   202.070         1     20370        64
   202.118   202.117         1     20376        64
   203.835   203.832         1     20549        64
   204.244   204.243         1     20580        64
   205.113   205.112         1     20689        64
   206.587   206.586         1     20838        64
   207.808   207.807         1     20940        64
   208.790   208.788         1     21043        64
   208.842   208.840         1     21046        64
   208.932   208.931         1     21055        64
   209.196   209.195         1     21074        64
   209.293   209.292         1     21084        64
   210.229   210.228         1     21188        64
   212.344   212.338         1     21391        64
   213.297   213.295         1     21490        64
   213.519   213.518         1     21516        64
   213.769   213.768         1     21538        64
   213.772   213.771         1     21539        64
   213.848   213.847         1     21551        64
   214.409   214.402         1     21601        64
   214.950   214.945         1     21661        64
   215.592   215.591         1     21721        64
   215.848   215.847         1     21743        64
   215.939   215.938         1     21755        64
   216.395   216.394         1     21802        64
   216.573   216.568         1     21826        64
   216.734   216.733         1     21851        64
   217.970   217.969         1     21976        64
   218.269   218.267         1     22005        64
   218.487   218.486         1     22031        64
   218.868   218.867         1     22066        64
   218.879   218.878         1     22068        64
   219.271   219.270         1     22111        64
   220.150   220.149         1     22183        64
   220.479   220.478         1     22213        64
   221.006   221.005         1     22278        64
   222.086   222.085         1     22380        64
   222.451   222.444         1     22419        64
   223.187   223.184         1     22494        64
   223.523   223.520         1     22519        64
   223.840   223.839         1     22546        64
   224.072   224.071         1     22571        64
   226.014   226.013         1     22765        64
   227.988   227.987         1     22943        64
   229.064   229.063         1     23071        64
   229.085   229.082         1     23076        64
   230.193   230.192         1     23180        64
   230.423   230.419         1     23206        64
   230.562   230.561         1     23219        64
   232.522   232.521         1     23408        64
   233.319   233.318         1     23491        64
   233.367   233.365         1     23495        64
   233.980   233.979         1     23556        64
   234.715   234.714         1     23629        64
   234.772   234.771         1     23638        64
   236.087   236.085         1     23779        64
   236.459   236.458         1     23820        64
   237.236   237.235         1     23896        64
   237.562   237.561         1     23937        64
   238.234   238.230         1     23995        64
   238.316   238.315         1     24007        64
   238.647   238.646         1     24041        64
   239.027   239.020         1     24080        64
   240.361   240.360         1     24206        64
   240.632   240.630         1     24241        64
   241.394   241.393         1     24320        64
   243.202   243.201         1     24505        64
   245.358   245.357         1     24720        64
   245.663   245.662         1     24760        64
   245.684   245.677         1     24762        64
   245.810   245.809         1     24774        64
   247.775   247.773         1     24975        64
   249.813   249.810         1     25169        64
   253.674   253.670         1     25530        64
   253.859   253.856         1     25549        64
   255.338   255.337         1     25695        64
   258.237   258.233         1     25982        64
   258.665   258.662         1     26021        64
   259.497   259.496         1     26108        64
   259.738   259.736         1     26141        64
   260.854   260.853         1     26255        64
   262.005   262.004         1     26387        64
   262.505   262.504         1     26433        64
   263.671   263.670         1     26551        64
   263.725   263.724         1     26557        64
   264.884   264.879         1     26674        64
   265.296   265.290         1     26731        64
   265.724   265.723         1     26780        64
   268.712   268.710         1     27077        64
   268.791   268.790         1     27084        64
   270.244   270.243         1     27207        64
   270.848   270.847         1     27267        64
   270.894   270.891         1     27272        64
   272.140   272.139         1     27398        64
   272.186   272.185         1     27403        64
   272.695   272.694         1     27441        64
   273.785   273.781         1     27554        64
   275.449   275.448         1     27692        64
   275.762   275.760         1     27717        64
   279.411   279.410         1     28056        64
   280.739   280.736         1     28202        64
   281.821   281.819         1     28320        64
   282.072   282.071         1     28345        64
   283.733   283.732         1     28507        64
   284.268   284.263         1     28555        64
   285.619   285.618         1     28669        64
   286.574   286.572         1     28755        64
   288.399   288.398         1     28928        64
   288.489   288.488         1     28936        64
   289.296   289.292         1     29011        64
   290.068   290.067         1     29097        64
   291.251   291.250         1     29216        64
   291.511   291.510         1     29236        64
   291.687   291.686         1     29249        64
   292.205   292.204         1     29298        64
   293.319   293.318         1     29415        64
   293.482   293.481         1     29429        64
   293.515   293.514         1     29432        64
   294.043   294.039         1     29483        64
   294.771   294.770         1     29548        64
   294.859   294.858         1     29557        64
   296.444   296.443         1     29726        64
   296.884   296.883         1     29771        64
   298.321   298.320         1     29928        64
   298.355   298.349         1     29932        64
   298.759   298.758         1     29978        64
   299.895   299.894         1     30101        64
   300.369   300.368         1     30149        64
   301.352   301.351         1     30250        64
   301.366   301.365         1     30251        64
   302.223   302.221         1     30340        64
   306.565   306.564         1     30745        64
   309.223   309.219         1     31057        64
   309.301   309.298         1     31067        64
   309.582   309.579         1     31106        64
   309.590   309.589         1     31107        64
   310.594   310.591         1     31217        64
   311.984   311.983         1     31360        64
   312.176   312.172         1     31382        64
   313.061   313.060         1     31475        64
   313.349   313.347         1     31502        64
   313.684   313.683         1     31540        64
   314.024   314.023         1     31573        64
   314.855   314.854         1     31650        64
   314.870   314.869         1     31654        64
   316.785   316.784         1     31864        64
   320.113   320.111         1     32165        64
   320.386   320.385         1     32196        64
   320.428   320.427         1     32200        64
   321.065   321.055         1     32271        64
   321.600   321.599         1     32326        64
   321.998   321.997         1     32366        64
   323.296   323.295         1     32494        64
   323.914   323.908         1     32558        64
   325.094   325.093         1     32678        64
   326.647   326.637         1     32851        64
   329.082   329.081         1     33101        64
   330.981   330.977         1     33289        64
   331.526   331.524         1     33345        64
   334.182   334.181         1     33621        64
   335.432   335.427         1     33757        64
   335.467   335.466         1     33761        64
   335.560   335.559         1     33770        64
   335.656   335.655         1     33777        64
   336.590   336.589         1     33878        64
   338.386   338.385         1     34065        64
   339.213   339.212         1     34134        64
   341.169   341.168         1     34316        64
   342.165   342.164         1     34433        64
   343.011   343.010         1     34521        64
   343.649   343.648         1     34570        64
   343.683   343.682         1     34575        64
   345.145   345.144         1     34734        64
   346.953   346.950         1     34900        64
   346.982   346.981         1     34906        64
   347.344   347.343         1     34939        64
   347.352   347.350         1     34941        64
   348.861   348.857         1     35073        64
   352.726   352.724         1     35467        64
   352.827   352.826         1     35475        64
   353.173   353.172         1     35510        64
   353.772   353.770         1     35574        64
   353.898   353.897         1     35588        64
   354.298   354.296         1     35632        64
   356.692   356.691         1     35855        64
   357.168   357.167         1     35886        64
   358.192   358.188         1     35981        64
   359.870   359.869         1     36138        64
   360.086   360.085         1     36158        64
   360.106   360.105         1     36160        64
   361.111   361.107         1     36269        64
   363.499   363.498         1     36494        64
   363.627   363.626         1     36506        64
   364.033   364.032         1     36553        64
   364.541   364.540         1     36612        64
   364.714   364.710         1     36636        64
   367.005   367.004         1     36859        64
   367.157   367.156         1     36883        64
   367.252   367.251         1     36896        64
   367.655   367.654         1     36941        64
   367.808   367.807         1     36956        64
   367.887   367.886         1     36965        64
   368.620   368.619         1     37052        64
   368.870   368.862         1     37079        64
   369.127   369.122         1     37106        64
   369.366   369.365         1     37134        64
   373.302   373.299         1     37539        64
   374.648   374.647         1     37677        64
   376.257   376.256         1     37822        64
   376.284   376.283         1     37827        64
   377.443   377.437         1     37925        64
   377.615   377.611         1     37946        64
   378.198   378.197         1     38000        64
   378.225   378.220         1     38004        64
   378.532   378.531         1     38030        64
   378.857   378.856         1     38064        64
   379.120   379.119         1     38093        64
   379.141   379.139         1     38098        64
   379.453   379.452         1     38133        64
   379.463   379.462         1     38134        64
   379.949   379.942         1     38180        64
   380.353   380.352         1     38226        64
   380.548   380.546         1     38248        64
   382.676   382.668         1     38455        64
   384.226   384.225         1     38603        64
   384.990   384.989         1     38678        64
   387.741   387.740         1     38960        64
   387.916   387.915         1     38979        64
   389.749   389.747         1     39172        64
   389.824   389.823         1     39184        64
   390.307   390.306         1     39238        64
   390.494   390.492         1     39253        64
   390.875   390.874         1     39295        64
   390.940   390.939         1     39304        64
   391.739   391.738         1     39374        64
   391.801   391.798         1     39379        64
   393.436   393.433         1     39539        64
   393.438   393.435         1     39540        64
   393.795   393.793         1     39592        64
   394.394   394.393         1     39651        64
   395.095   395.094         1     39712        64
   396.311   396.310         1     39848        64
   396.825   396.824         1     39887        64
   396.976   396.975         1     39904        64
   397.541   397.540         1     39960        64
   398.910   398.908         1     40099        64
   399.391   399.390         1     40132        64
   399.468   399.467         1     40141        64
   401.032   401.030         1     40308        64
   401.458   401.457         1     40353        64
   401.740   401.739         1     40381        64
   401.905   401.904         1     40400        64
   402.640   402.639         1     40469        64
   403.589   403.588         1     40551        64
   404.536   404.535         1     40644        64
   405.599   405.598         1     40745        64
   406.068   406.067         1     40792        64
   408.738   408.736         1     41079        64
   408.936   408.935         1     41104        64
   410.485   410.482         1     41242        64
   411.463   411.462         1     41342        64
   412.764   412.763         1     41473        64
   413.213   413.212         1     41529        64
   413.324   413.323         1     41539        64
   416.905   416.900         1     41920        64
   417.709   417.707         1     41999        64
   419.339   419.338         1     42149        64
   419.342   419.341         1     42150        64
   420.084   420.083         1     42215        64
   420.935   420.930         1     42308        64
   421.150   421.148         1     42329        64
   422.797   422.796         1     42491        64
   424.298   424.297         1     42655        64
   425.169   425.168         1     42742        64
   425.337   425.336         1     42756        64
   425.355   425.354         1     42759        64
   426.344   426.343         1     42868        64
   426.450   426.445         1     42881        64
   427.211   427.210         1     42957        64
   427.759   427.758         1     43013        64
   427.787   427.784         1     43017        64
   428.969   428.968         1     43126        64
   429.016   429.015         1     43133        64
   429.202   429.200         1     43152        64
   429.255   429.254         1     43156        64
   430.252   430.251         1     43250        64
   430.411   430.409         1     43269        64
   430.811   430.810         1     43300        64
   432.072   432.071         1     43428        64
   432.564   432.563         1     43478        64
   432.629   432.628         1     43486        64
   434.850   434.849         1     43694        64
   434.922   434.921         1     43701        64
   436.086   436.085         1     43817        64
   437.835   437.834         1     43992        64
   438.365   438.364         1     44043        64
   439.420   439.418         1     44138        64
   439.553   439.552         1     44151        64
   440.095   440.093         1     44212        64
   441.422   441.421         1     44335        64
   442.502   442.501         1     44436        64
   445.291   445.290         1     44725        64
   445.924   445.921         1     44808        64
   447.875   447.873         1     44998        64
   447.963   447.962         1     45004        64
   449.924   449.922         1     45201        64
   453.709   453.708         1     45563        64
   454.331   454.330         1     45627        64
   455.184   455.183         1     45723        64
   455.456   455.454         1     45742        64
   456.026   456.021         1     45800        64
   456.094   456.093         1     45807        64
   456.778   456.777         1     45870        64
   457.908   457.907         1     45980        64
   459.024   459.022         1     46083        64
   460.363   460.362         1     46233        64
   461.146   461.145         1     46321        64
   463.057   463.055         1     46503        64
   464.834   464.830         1     46686        64
   466.550   466.548         1     46846        64
   466.855   466.853         1     46876        64
   467.210   467.209         1     46921        64
   467.998   467.995         1     46995        64
   468.306   468.297         1     47022        64
   468.681   468.680         1     47061        64
   469.651   469.650         1     47168        64
   470.881   470.880         1     47278        64
   471.410   471.407         1     47320        64
   471.565   471.564         1     47338        64
   472.838   472.837         1     47457        64
   474.294   474.292         1     47605        64
   475.370   475.369         1     47699        64
   476.863   476.862         1     47854        64
   478.051   478.047         1     47985        64
   478.071   478.070         1     47986        64
   478.434   478.433         1     48023        64
   479.093   479.091         1     48093        64
   479.634   479.629         1     48137        64
   479.991   479.990         1     48186        64
   480.472   480.466         1     48234        64
   481.121   481.116         1     48290        64
   481.939   481.938         1     48363        64
   485.181   485.180         1     48682        64
   485.341   485.340         1     48710        64
   488.692   488.691         1     49036        64
   489.006   489.005         1     49075        64
   489.335   489.334         1     49100        64
   489.561   489.555         1     49115        64
   489.760   489.759         1     49131        64
   490.488   490.483         1     49215        64
   491.588   491.587         1     49321        64
   491.847   491.846         1     49351        64
   491.889   491.888         1     49357        64
   494.702   494.701         1     49625        64
   495.578   495.576         1     49703        64
   495.762   495.760         1     49713        64
   495.941   495.940         1     49732        64
   496.050   496.049         1     49738        64
   496.396   496.395         1     49771        64
   496.970   496.969         1     49817        64
   497.287   497.286         1     49848        64
   498.154   498.153         1     49947        64
   498.695   498.694         1     49999        64
   499.191   499.190         1     50051        64
   499.957   499.950         1     50130        64
   500.073   500.072         1     50143        64
   500.614   500.610         1     50183        64
   501.465   501.464         1     50275        64
   502.447   502.446         1     50390        64
   502.605   502.604         1     50401        64
   503.626   503.625         1     50505        64
   503.695   503.693         1     50512        64
   503.842   503.841         1     50522        64
   505.982   505.981         1     50717        64
   506.040   506.039         1     50726        64
   506.101   506.100         1     50732        64
   507.810   507.805         1     50912        64
   508.020   508.019         1     50932        64
   508.075   508.073         1     50936        64
   509.621   509.620         1     51086        64
   509.885   509.884         1     51113        64
   510.075   510.071         1     51153        64
   510.170   510.169         1     51168        64
   510.433   510.432         1     51193        64
   510.476   510.475         1     51196        64
   510.809   510.808         1     51234        64
   511.413   511.412         1     51291        64
   511.884   511.883         1     51341        64
   512.347   512.346         1     51382        64
   512.370   512.366         1     51385        64
   513.482   513.478         1     51500        64
   513.636   513.635         1     51513        64
   513.728   513.727         1     51522        64
   513.773   513.772         1     51528        64
   514.529   514.526         1     51618        64
   514.676   514.675         1     51637        64
   514.975   514.974         1     51659        64
   515.174   515.173         1     51681        64
   515.557   515.556         1     51713        64
   516.321   516.320         1     51799        64
   516.736   516.735         1     51840        64
   518.050   518.048         1     52010        64
   518.381   518.380         1     52043        64
   518.695   518.694         1     52077        64
   519.132   519.131         1     52121        64
   519.871   519.866         1     52195        64
   520.023   520.022         1     52204        64
   520.941   520.940         1     52303        64
   521.487   521.486         1     52371        64
   521.548   521.546         1     52376        64
   521.733   521.731         1     52388        64
   522.070   522.069         1     52424        64
   523.398   523.396         1     52553        64
   523.599   523.598         1     52571        64
   523.722   523.718         1     52583        64
   524.888   524.887         1     52700        64
   525.121   525.119         1     52733        64
   525.824   525.822         1     52804        64
   526.462   526.458         1     52867        64
   526.672   526.671         1     52892        64
   526.676   526.675         1     52893        64
   530.065   530.064         1     53220        64
   530.218   530.217         1     53238        64
   530.658   530.657         1     53286        64
   534.841   534.840         1     53706        64
   535.394   535.393         1     53751        64
   535.460   535.459         1     53766        64
   537.450   537.448         1     53945        64
   537.838   537.837         1     53979        64
   538.757   538.756         1     54063        64
   539.550   539.549         1     54149        64
   540.961   540.960         1     54299        64
   541.269   541.266         1     54332        64
   541.797   541.796         1     54400        64
   542.894   542.892         1     54493        64
   544.984   544.983         1     54712        64
   545.078   545.074         1     54720        64
   545.150   545.149         1     54727        64
   547.199   547.198         1     54937        64
   548.303   548.301         1     55051        64
   549.341   549.340         1     55143        64
   550.484   550.479         1     55265        64
   550.762   550.761         1     55290        64
   551.017   551.016         1     55319        64
   551.306   551.305         1     55347        64
   552.046   552.045         1     55425        64
   552.254   552.253         1     55449        64
   553.184   553.183         1     55536        64
   553.877   553.875         1     55596        64
   554.760   554.759         1     55680        64
   557.642   557.641         1     55955        64
   557.904   557.903         1     55985        64
   558.114   558.113         1     55998        64
   558.130   558.129         1     56000        64
   559.346   559.343         1     56124        64
   559.483   559.482         1     56136        64
   561.119   561.118         1     56282        64
   561.486   561.485         1     56314        64
   561.764   561.758         1     56339        64
   562.405   562.404         1     56409        64
   563.085   563.083         1     56465        64
   564.665   564.663         1     56612        64
   564.785   564.784         1     56627        64
   565.894   565.893         1     56737        64
   569.958   569.957         1     57154        64
   570.099   570.098         1     57168        64
   571.953   571.948         1     57352        64
   573.790   573.789         1     57536        64
   578.458   578.457         1     57987        64
   578.648   578.647         1     58000        64
   580.728   580.727         1     58183        64
   581.526   581.523         1     58267        64
   582.738   582.736         1     58385        64
   582.805   582.804         1     58392        64
   583.032   583.030         1     58419        64
   583.556   583.547         1     58468        64
   583.728   583.727         1     58484        64
   586.237   586.236         1     58756        64
   592.293   592.289         1     59356        64
   593.841   593.840         1     59511        64
   593.997   593.996         1     59522        64
   594.251   594.250         1     59552        64
   594.967   594.966         1     59624        64
   595.929   595.928         1     59721        64
   595.981   595.970         1     59724        64
   596.761   596.760         1     59798        64
   597.040   597.039         1     59823        64
   599.399   599.393         1     60047        64
   600.127   600.126         1     60144        64
   600.186   600.185         1     60153        64
   600.814   600.812         1     60223        64
   601.721   601.719         1     60314        64
   601.812   601.810         1     60323        64
   603.295   603.294         1     60474        64
   603.896   603.895         1     60532        64
   604.292   604.291         1     60571        64
   605.201   605.200         1     60657        64
   606.032   606.031         1     60740        64
   607.172   607.170         1     60857        64
   607.915   607.914         1     60927        64
   609.104   609.100         1     61067        64
   609.606   609.603         1     61121        64
   610.009   610.002         1     61178        64
   610.784   610.783         1     61245        64
   611.928   611.927         1     61350        64
   612.038   612.037         1     61363        64
   612.513   612.512         1     61403        64
   613.064   613.062         1     61463        64
   613.446   613.445         1     61510        64
   616.076   616.075         1     61753        64
   616.496   616.491         1     61795        64
   617.255   617.254         1     61864        64
   617.551   617.550         1     61893        64
   617.722   617.721         1     61911        64
   618.119   618.118         1     61955        64
   619.965   619.964         1     62154        64
   620.107   620.106         1     62176        64
   620.344   620.343         1     62198        64
   621.186   621.185         1     62265        64
   624.927   624.926         1     62623        64
   625.447   625.445         1     62670        64
   626.601   626.600         1     62791        64
   628.131   628.130         1     62945        64
   628.968   628.967         1     63031        64
   629.632   629.631         1     63100        64
   629.827   629.824         1     63125        64
   630.124   630.123         1     63155        64
   631.164   631.163         1     63275        64
   632.233   632.231         1     63368        64
   632.377   632.376         1     63386        64
   632.834   632.832         1     63423        64
   635.339   635.338         1     63662        64
   635.412   635.411         1     63668        64
   635.624   635.623         1     63688        64
   635.817   635.816         1     63712        64
   637.659   637.658         1     63891        64
   637.708   637.707         1     63895        64
   639.498   639.493         1     64075        64
   640.981   640.980         1     64203        64
   642.255   642.254         1     64336        64
   642.891   642.890         1     64407        64
   643.476   643.475         1     64446        64
   644.089   644.088         1     64512        64
   645.995   645.992         1     64686        64
   646.049   646.048         1     64691        64
   646.240   646.239         1     64716        64
   647.140   647.138         1     64804        64
   647.526   647.525         1     64848        64
   649.721   649.717         1     65068        64
   649.735   649.734         1     65069        64
   650.026   650.025         1     65098        64
   650.119   650.118         1     65108        64
   650.287   650.286         1     65126        64
   650.343   650.342         1     65136        64
   651.942   651.941         1     65290        64
   653.332   653.328         1     65436        64
   653.340   653.339         1     65437        64
   654.217   654.216         1     65536        64
   654.226   654.223         1     65539        64
   654.507   654.504         1     65569        64
   655.301   655.300         1     65654        64
   655.473   655.472         1     65673        64
   655.966   655.965         1     65724        64
   656.804   656.801         1     65809        64
   657.616   657.615         1     65886        64
   658.957   658.956         1     66016        64
   659.067   659.066         1     66028        64
   659.261   659.258         1     66050        64
   660.376   660.375         1     66169        64
   663.545   663.544         1     66494        64
   665.380   665.379         1     66716        64
   665.794   665.793         1     66756        64
   665.912   665.911         1     66771        64
   666.133   666.125         1     66798        64
   666.557   666.555         1     66842        64
   666.777   666.772         1     66872        64
   666.977   666.971         1     66889        64
   667.109   667.108         1     66899        64
   667.301   667.300         1     66926        64
   669.497   669.484         1     67169        64
   669.768   669.767         1     67189        64
   671.354   671.353         1     67322        64
   671.686   671.685         1     67353        64
   672.259   672.258         1     67414        64
   672.266   672.265         1     67415        64
   673.600   673.599         1     67547        64
   675.653   675.652         1     67768        64
   677.930   677.929         1     68007        64
   677.957   677.956         1     68010        64
   679.583   679.582         1     68167        64
   680.750   680.749         1     68267        64
   680.843   680.838         1     68279        64
   681.706   681.705         1     68364        64
   682.970   682.967         1     68489        64
   683.695   683.692         1     68564        64
   683.808   683.806         1     68571        64
   686.889   686.888         1     68885        64
   687.023   687.022         1     68895        64
   689.081   689.080         1     69075        64
   689.363   689.362         1     69098        64
   689.936   689.934         1     69152        64
   690.839   690.838         1     69250        64
   691.526   691.522         1     69309        64
   691.541   691.539         1     69313        64
   692.007   692.006         1     69350        64
   692.556   692.555         1     69403        64
   692.738   692.733         1     69423        64
   693.072   693.071         1     69452        64
   694.404   694.403         1     69584        64
   694.881   694.880         1     69631        64
   696.755   696.751         1     69805        64
   697.311   697.310         1     69866        64
   697.611   697.610         1     69890        64
   697.870   697.869         1     69912        64
   698.932   698.931         1     70024        64
   699.853   699.850         1     70126        64
   700.222   700.216         1     70175        64
   702.648   702.647         1     70403        64
   702.735   702.734         1     70412        64
   702.856   702.855         1     70422        64
   703.076   703.074         1     70446        64
   703.518   703.517         1     70489        64
   704.703   704.692         1     70613        64
   705.763   705.762         1     70711        64
   705.842   705.841         1     70724        64
   706.791   706.790         1     70822        64
   707.286   707.281         1     70877        64
   707.584   707.583         1     70898        64
   707.967   707.966         1     70940        64
   708.808   708.807         1     71029        64
   709.301   709.300         1     71086        64
   710.263   710.261         1     71195        64
   712.071   712.070         1     71367        64
   713.187   713.186         1     71477        64
   713.813   713.808         1     71530        64
   713.964   713.963         1     71542        64
   714.112   714.111         1     71564        64
   714.861   714.860         1     71628        64
   715.281   715.280         1     71661        64
   715.321   715.320         1     71664        64
   715.578   715.577         1     71693        64
   715.677   715.676         1     71703        64
   715.687   715.686         1     71704        64
   715.957   715.955         1     71730        64
   716.127   716.125         1     71749        64
   716.144   716.143         1     71751        64
   716.196   716.192         1     71761        64
   717.725   717.720         1     71924        64
   717.963   717.962         1     71947        64
   719.295   719.294         1     72064        64
   719.550   719.546         1     72093        64
   719.734   719.733         1     72107        64
   719.861   719.860         1     72118        64
   720.905   720.903         1     72205        64
   721.359   721.357         1     72248        64
   723.892   723.891         1     72487        64
   724.773   724.769         1     72577        64
   725.047   725.044         1     72602        64
   726.564   726.563         1     72753        64
   726.980   726.979         1     72789        64
   727.074   727.072         1     72800        64
   729.719   729.718         1     73083        64
   730.302   730.298         1     73140        64
   732.451   732.450         1     73350        64
   735.127   735.126         1     73606        64
   735.217   735.216         1     73618        64
   736.141   736.138         1     73716        64
   738.082   738.081         1     73900        64
   739.433   739.431         1     74034        64
   740.775   740.768         1     74179        64
   741.212   741.211         1     74227        64
   742.485   742.484         1     74354        64
   742.725   742.723         1     74381        64
   743.564   743.563         1     74464        64
   745.346   745.345         1     74627        64
   747.187   747.186         1     74800        64
   747.750   747.746         1     74842        64
   748.494   748.491         1     74906        64
   750.085   750.081         1     75056        64
   750.262   750.260         1     75084        64
   751.403   751.402         1     75198        64
   752.543   752.542         1     75295        64
   752.923   752.919         1     75334        64
   754.092   754.091         1     75460        64
   754.540   754.539         1     75514        64
   755.689   755.675         1     75614        64
   756.243   756.242         1     75676        64
   757.913   757.911         1     75857        64
   758.353   758.352         1     75911        64
   759.362   759.359         1     76023        64
   763.965   763.964         1     76472        64
   764.643   764.642         1     76538        64
   765.609   765.608         1     76615        64
   766.076   766.075         1     76669        64
   766.111   766.110         1     76672        64
   766.664   766.663         1     76722        64
   767.069   767.064         1     76755        64
   767.328   767.327         1     76774        64
   767.815   767.812         1     76841        64
   768.987   768.985         1     76974        64
   770.116   770.115         1     77084        64
   770.144   770.142         1     77086        64
   771.288   771.287         1     77191        64
   772.241   772.240         1     77286        64
   772.334   772.333         1     77292        64
   773.616   773.610         1     77405        64
   774.463   774.459         1     77498        64
   774.759   774.758         1     77541        64
   775.470   775.469         1     77610        64
   778.433   778.432         1     77873        64
   778.598   778.597         1     77888        64
   779.726   779.722         1     78003        64
   780.279   780.278         1     78061        64
   781.040   781.039         1     78152        64
   782.880   782.873         1     78322        64
   783.391   783.387         1     78367        64
   784.633   784.632         1     78496        64
   785.182   785.181         1     78549        64
   786.115   786.114         1     78635        64
   786.307   786.306         1     78658        64
   786.456   786.455         1     78671        64
   786.685   786.684         1     78692        64
   787.839   787.838         1     78807        64
   789.041   789.040         1     78915        64
   791.026   791.021         1     79128        64
   791.504   791.503         1     79171        64
   791.540   791.537         1     79177        64
   791.779   791.778         1     79200        64
   793.586   793.582         1     79390        64
   793.822   793.821         1     79412        64
   794.154   794.153         1     79443        64
   796.147   796.146         1     79636        64
   796.213   796.212         1     79642        64
   797.164   797.163         1     79737        64
   798.967   798.966         1     79906        64
   803.616   803.601         1     80324        64
   805.387   805.386         1     80500        64
   805.836   805.835         1     80524        64
   805.889   805.885         1     80534        64
   806.062   806.061         1     80550        64
   806.480   806.479         1     80595        64
   807.910   807.906         1     80739        64
   810.120   810.117         1     80950        64
   810.491   810.490         1     80991        64
   810.533   810.532         1     80995        64
   811.850   811.849         1     81133        64
   811.923   811.922         1     81143        64
   812.150   812.148         1     81168        64
   813.107   813.106         1     81270        64
   813.259   813.258         1     81290        64
   813.267   813.266         1     81293        64
   814.346   814.345         1     81404        64
   814.404   814.403         1     81409        64
   815.047   815.046         1     81478        64
   815.870   815.864         1     81573        64
   816.106   816.100         1     81590        64
   816.815   816.814         1     81660        64
   816.909   816.908         1     81669        64
   817.015   817.014         1     81682        64
   817.170   817.169         1     81696        64
   818.284   818.274         1     81815        64
   819.894   819.893         1     81966        64
   826.188   826.187         1     82621        64
   826.789   826.788         1     82667        64
   826.937   826.934         1     82682        64
   829.452   829.451         1     82938        64
   830.199   830.195         1     83005        64
   830.874   830.873         1     83071        64
   831.053   831.052         1     83085        64
   833.137   833.136         1     83305        64
   834.681   834.680         1     83452        64
   835.465   835.464         1     83527        64
   835.658   835.657         1     83548        64
   836.868   836.867         1     83670        64
   839.037   839.036         1     83855        64
   840.177   840.173         1     83960        64
   841.813   841.812         1     84100        64
   841.876   841.875         1     84111        64
   842.144   842.143         1     84140        64
   842.173   842.172         1     84143        64
   842.407   842.405         1     84167        64
   842.632   842.630         1     84187        64
   843.491   843.490         1     84263        64
   843.675   843.674         1     84285        64
   845.093   845.092         1     84416        64
   845.185   845.184         1     84424        64
   845.557   845.556         1     84464        64
   846.870   846.868         1     84582        64
   847.239   847.238         1     84622        64
   847.407   847.406         1     84638        64
   847.707   847.706         1     84673        64
   848.273   848.272         1     84732        64
   849.789   849.788         1     84899        64
   850.872   850.871         1     84998        64
   851.862   851.861         1     85099        64
   851.944   851.943         1     85112        64
   852.745   852.742         1     85207        64
   853.105   853.104         1     85242        64
   854.144   854.142         1     85360        64
   854.753   854.752         1     85425        64
   854.776   854.775         1     85430        64
   855.650   855.649         1     85519        64
   856.267   856.266         1     85572        64
   856.529   856.528         1     85597        64
   860.340   860.330         1     85972        64
   862.360   862.359         1     86171        64
   863.154   863.153         1     86268        64
   863.241   863.240         1     86283        64
   863.490   863.489         1     86308        64
   863.504   863.501         1     86311        64
   864.003   864.002         1     86364        64
   865.988   865.987         1     86570        64
   867.008   867.007         1     86659        64
   867.100   867.099         1     86670        64
   867.199   867.197         1     86679        64
   867.728   867.726         1     86735        64
   867.842   867.841         1     86747        64
   870.746   870.745         1     87033        64
   871.336   871.335         1     87091        64
   873.175   873.174         1     87279        64
   873.179   873.178         1     87280        64
   874.713   874.709         1     87428        64
   876.782   876.781         1     87627        64
   877.795   877.794         1     87730        64
   878.810   878.808         1     87851        64
   878.918   878.917         1     87865        64
   881.009   881.008         1     88066        64
   882.454   882.453         1     88208        64
   883.831   883.830         1     88355        64
   886.018   886.012         1     88581        64
   886.636   886.632         1     88646        64
   886.705   886.704         1     88653        64
   887.696   887.695         1     88737        64
   887.783   887.782         1     88744        64
   889.399   889.397         1     88901        64
   891.459   891.458         1     89110        64
   891.815   891.814         1     89155        64
   892.360   892.356         1     89214        64
   892.605   892.601         1     89241        64
   893.230   893.229         1     89284        64
   894.194   894.193         1     89390        64
   894.359   894.358         1     89400        64
   894.578   894.576         1     89425        64
   896.192   896.191         1     89576        64
   898.128   898.127         1     89763        64
   899.154   899.153         1     89860        64
   899.240   899.239         1     89873        64
   901.502   901.501         1     90126        64
   901.653   901.650         1     90143        64
   901.869   901.868         1     90163        64
   902.399   902.397         1     90219        64
   903.319   903.318         1     90317        64
   903.625   903.624         1     90352        64
   906.694   906.693         1     90652        64
   908.251   908.250         1     90803        64
   908.332   908.331         1     90807        64
   908.396   908.395         1     90813        64
   911.200   911.199         1     91111        64
   911.511   911.509         1     91147        64
   911.537   911.536         1     91151        64
   913.474   913.472         1     91350        64
   914.464   914.463         1     91436        64
   915.058   915.057         1     91499        64
   915.595   915.594         1     91556        64
   915.900   915.899         1     91588        64
   915.960   915.959         1     91593        64
   916.018   916.017         1     91603        64
   917.144   917.140         1     91722        64
   917.175   917.174         1     91726        64
   917.939   917.938         1     91810        64
   918.066   918.065         1     91826        64
   918.393   918.391         1     91854        64
   918.451   918.447         1     91866        64
   918.599   918.597         1     91882        64
   918.800   918.796         1     91905        64
   919.352   919.351         1     91954        64
   919.889   919.888         1     92007        64
   919.932   919.931         1     92010        64
   921.423   921.422         1     92162        64
   921.847   921.846         1     92203        64
   924.811   924.810         1     92494        64
   926.196   926.195         1     92605        64
   926.736   926.732         1     92662        64
   926.776   926.775         1     92665        64
   926.845   926.843         1     92673        64
   926.999   926.998         1     92688        64
   927.337   927.336         1     92721        64
   927.772   927.771         1     92770        64
   927.846   927.845         1     92776        64
   928.845   928.844         1     92872        64
   930.484   930.480         1     93062        64
   931.226   931.225         1     93140        64
   931.661   931.660         1     93184        64
   932.237   932.235         1     93249        64
   934.742   934.732         1     93477        64
   935.169   935.165         1     93524        64
   935.638   935.637         1     93578        64
   936.391   936.390         1     93650        64
   936.925   936.924         1     93713        64
   939.669   939.668         1     93987        64
   940.196   940.194         1     94038        64
   940.269   940.268         1     94046        64
   941.451   941.450         1     94165        64
   941.793   941.792         1     94198        64
   942.023   942.021         1     94219        64
   943.469   943.468         1     94363        64
   945.746   945.742         1     94589        64
   946.147   946.141         1     94637        64
   946.703   946.696         1     94695        64
   947.287   947.285         1     94740        64
   947.381   947.380         1     94752        64
   949.691   949.684         1     94974        64
   950.085   950.084         1     95017        64
   950.264   950.263         1     95037        64
   951.378   951.377         1     95150        64
   951.547   951.546         1     95161        64
   953.905   953.903         1     95395        64
   953.992   953.988         1     95408        64
   955.919   955.918         1     95592        64
   956.826   956.824         1     95676        64
   956.828   956.825         1     95677        64
   957.797   957.796         1     95764        64
   959.798   959.796         1     95996        64
   960.133   960.129         1     96038        64
   960.258   960.255         1     96055        64
   961.575   961.574         1     96184        64
   962.064   962.059         1     96239        64
   963.069   963.068         1     96340        64
   963.163   963.162         1     96351        64
   963.435   963.434         1     96380        64
   963.637   963.636         1     96395        64
   963.725   963.724         1     96402        64
   965.318   965.316         1     96541        64
   966.100   966.097         1     96614        64
   966.341   966.340         1     96637        64
   968.108   968.106         1     96813        64
   968.122   968.118         1     96817        64
   968.282   968.281         1     96835        64
   969.426   969.425         1     96936        64
   969.449   969.448         1     96939        64
   969.486   969.485         1     96942        64
   972.628   972.627         1     97230        64
   972.750   972.747         1     97249        64
   973.493   973.492         1     97313        64
   975.907   975.906         1     97555        64
   980.280   980.275         1     97985        64
   980.379   980.378         1     97991        64
   981.676   981.675         1     98117        64
   981.691   981.683         1     98120        64
   982.330   982.327         1     98184        64
   984.421   984.420         1     98405        64
   985.386   985.385         1     98496        64
   985.772   985.770         1     98524        64
   985.913   985.912         1     98538        64
   986.518   986.517         1     98590        64
   987.413   987.411         1     98688        64
   987.824   987.821         1     98734        64
   988.298   988.297         1     98776        64
   988.502   988.501         1     98792        64
   988.650   988.648         1     98807        64
   988.865   988.864         1     98818        64
   988.988   988.987         1     98829        64
   989.040   989.039         1     98839        64
   989.089   989.087         1     98846        64
   989.955   989.951         1     98937        64
   990.168   990.167         1     98957        64
   990.498   990.497         1     98987        64
   990.680   990.676         1     99006        64
   991.234   991.233         1     99056        64
   991.283   991.282         1     99061        64
   992.176   992.171         1     99152        64
   992.273   992.272         1     99164        64
   993.778   993.775         1     99317        64
   994.022   994.018         1     99349        64
   994.082   994.078         1     99353        64
   994.374   994.373         1     99377        64
   994.816   994.815         1     99420        64
   995.657   995.656         1     99508        64
   996.088   996.087         1     99555        64
   999.310   999.309         1     99871        64


Total Packet Received:       1220
